DATE   TEMP
1/1,39,0,0
1/2,42,0,0
1/3,41,0,0
1/4,57,0,0
1/5,50,0,0
1/6,22,0,0
1/7,25,0,0
1/8,21,0,0
1/9,33,0,0
1/10,24,0,1
1/11,37,0,0
1/12,37,0,0
1/13,36,0,0
1/14,32,0,0
1/15,34,0,0
1/16,42,0,0
1/17,30,0,0
1/18,43,0,0
1/19,42,0,0
1/20,40,0,0
1/21,35,0,0
1/22,39,0,0
1/23,39,0,0
1/24,40,0,0
1/25,42,0,1
1/26,30,0,0
1/27,28,0,0
1/28,34,0,8
1/29,36,0,0
1/30,37,0,0
1/31,26,0,6
2/1,36,0,0
2/2,33,0,0
2/3,28,0,9
2/4,41,0,9
2/5,40,0,0
2/6,27,0,6
2/7,36,0,0
2/8,36,0,4
2/9,31,0,0
2/10,39,0,0
2/11,33,0,4
2/12,40,0,0
2/13,22,0,4
2/14,32,0,0
2/15,26,0,0
2/16,21,0,5
2/17,28,0,0
2/18,31,0,0
2/19,27,0,5
2/20,21,0,5
2/21,32,0,0
2/22,42,0,0
2/23,38,0,6
2/24,25,0,6
2/25,38,0,6
2/26,32,0,0
2/27,30,0,5
2/28,30,0,5
3/1,30,0,0
3/2,38,0,6
3/3,36,0,0
3/4,47,0,4
3/5,41,0,0
3/6,28,0,11
3/7,39,0,6
3/8,49,0,5
3/9,54,0,3
3/10,54,0,1
3/11,60,0,0
3/12,47,0,0
3/13,43,0,0
3/14,51,0,0
3/15,47,0,0
3/16,51,0,0
3/17,54,0,0
3/18,38,0,0
3/19,42,0,0
3/20,38,0,0
3/21,48,0,0
3/22,44,0,0
3/23,38,0,0
3/24,44,0,0
3/25,48,0,0
3/26,57,0,0
3/27,46,0,0
3/28,41,0,0
3/29,46,0,0
3/30,55,0,0
3/31,47,0,0
4/1,51,0,0
4/2,63,0,0
4/3,63,0,0
4/4,60,0,0
4/5,62,0,0
4/6,60,0,0
4/7,57,0,0
4/8,46,0,0
4/9,44,0,0
4/10,57,0,0
4/11,57,0,0
4/12,65,0,0
4/13,65,0,0
4/14,65,0,0
4/15,70,0,0
4/16,62,0,0
4/17,71,0,0
4/18,79,0,0
4/19,61,0,0
4/20,59,0,0
4/21,67,0,0
4/22,67,0,0
4/23,50,0,0
4/24,50,0,0
4/25,60,0,0
4/26,61,0,0
4/27,60,0,0
4/28,72,0,0
4/29,76,0,0
4/30,64,0,0
5/1,59,0,0
5/2,69,0,0
5/3,76,0,0
5/4,82,0,0
5/5,81,0,0
5/6,69,0,0
5/7,76,0,0
5/8,79,0,0
5/9,64,0,0
5/10,82,0,0
5/11,83,0,0
5/12,87,0,0
5/13,67,0,0
5/14,72,0,0
5/15,74,0,0
5/16,75,0,0
5/17,83,0,0
5/18,71,0,0
5/19,82,0,0
5/20,66,0,0
5/21,62,0,0
5/22,75,0,0
5/23,70,0,0
5/24,81,0,0
5/25,83,0,0
5/26,86,0,0
5/27,81,0,0
5/28,84,0,0
5/29,82,0,0
5/30,83,0,0
5/31,86,0,0
6/1,58,0,0
6/2,56,0,0
6/3,69,0,0
6/4,65,0,0
6/5,68,0,0
6/6,74,0,0
6/7,73,0,0
6/8,77,0,0
6/9,85,0,0
6/10,82,0,0
6/11,92,0,0
6/12,88,0,0
6/13,84,0,0
6/14,87,0,0
6/15,81,0,0
6/16,79,0,0
6/17,79,0,0
6/18,71,0,0
6/19,85,0,0
6/20,73,0,0
6/21,90,0,0
6/22,89,0,0
6/23,92,0,0
6/24,83,0,0
6/25,85,0,0
6/26,80,0,0
6/27,74,0,0
6/28,74,0,0
6/29,78,0,0
6/30,82,0,0
7/1,85,0,0
7/2,81,0,0
7/3,81,0,0
7/4,75,0,0
7/5,85,0,0
7/6,83,0,0
7/7,88,0,0
7/8,89,0,0
7/9,79,0,0
7/10,84,0,0
7/11,86,0,0
7/12,89,0,0
7/13,85,0,0
7/14,81,0,0
7/15,81,0,0
7/16,80,0,0
7/17,80,0,0
7/18,86,0,0
7/19,94,0,0
7/20,95,0,0
7/21,92,0,0
7/22,86,0,0
7/23,85,0,0
7/24,85,0,0
7/25,85,0,0
7/26,89,0,0
7/27,87,0,0
7/28,94,0,0
7/29,95,0,0
7/30,87,0,0
7/31,91,0,0
8/1,90,0,0
8/2,89,0,0
8/3,92,0,0
8/4,91,0,0
8/5,88,0,0
8/6,82,0,0
8/7,82,0,0
8/8,87,0,0
8/9,84,0,0
8/10,81,0,0
8/11,82,0,0
8/12,85,0,0
8/13,83,0,0
8/14,88,0,0
8/15,92,0,0
8/16,92,0,0
8/17,93,0,0
8/18,89,0,0
8/19,87,0,0
8/20,87,0,0
8/21,86,0,0
8/22,84,0,0
8/23,83,0,0
8/24,86,0,0
8/25,88,0,0
8/26,83,0,0
8/27,80,0,0
8/28,83,0,0
8/29,85,0,0
8/30,90,0,0
8/31,92,0,0
9/1,88,0,0
9/2,88,0,0
9/3,93,0,0
9/4,84,0,0
9/5,80,0,0
9/6,84,0,0
9/7,90,0,0
9/8,95,0,0
9/9,89,0,0
9/10,79,0,0
9/11,81,0,0
9/12,79,0,0
9/13,79,0,0
9/14,75,0,0
9/15,84,0,0
9/16,87,0,0
9/17,87,0,0
9/18,85,0,0
9/19,80,0,0
9/20,76,0,0
9/21,73,0,0
9/22,72,0,0
9/23,79,0,0
9/24,81,0,0
9/25,73,0,0
9/26,70,0,0
9/27,69,0,0
9/28,79,0,0
9/29,83,0,0
9/30,78,0,0
10/1,64,0,0
10/2,57,0,0
10/3,56,0,0
10/4,63,0,0
10/5,65,0,0
10/6,73,0,0
10/7,73,0,0
10/8,68,0,0
10/9,78,0,0
10/10,65,0,0
10/11,70,0,0
10/12,76,0,0
10/13,73,0,0
10/14,68,0,0
10/15,64,0,0
10/16,64,0,0
10/17,55,0,0
10/18,50,0,0
10/19,53,0,0
10/20,71,0,0
10/21,76,0,0
10/22,76,0,0
10/23,65,0,0
10/24,57,0,0
10/25,68,0,0
10/26,59,0,0
10/27,59,0,0
10/28,70,0,0
10/29,74,0,0
10/30,60,0,0
10/31,56,0,0
11/1,65,0,0
11/2,63,0,0
11/3,73,0,0
11/4,70,0,0
11/5,71,0,0
11/6,75,0,0
11/7,72,0,0
11/8,58,0,0
11/9,60,0,0
11/10,59,0,0
11/11,57,0,0
11/12,60,0,0
11/13,59,0,0
11/14,49,0,0
11/15,59,0,0
11/16,68,0,0
11/17,53,0,0
11/18,59,0,0
11/19,64,0,0
11/20,64,0,0
11/21,54,0,0
11/22,56,0,0
11/23,44,0,0
11/24,47,0,0
11/25,49,0,0
11/26,60,0,0
11/27,65,0,0
11/28,62,0,0
11/29,48,0,0
11/30,46,0,0
12/1,53,0,0
12/2,57,0,0
12/3,56,0,0
12/4,52,0,0
12/5,52,0,0
12/6,53,0,0
12/7,55,0,0
12/8,49,0,0
12/9,55,0,0
12/10,61,0,0
12/11,61,0,0
12/12,66,0,0
12/13,62,0,0
12/14,64,0,0
12/15,64,0,0
12/16,52,0,0
12/17,59,0,0
12/18,57,0,0
12/19,41,0,0
12/20,44,0,0
12/21,57,0,0
12/22,62,0,0
12/23,63,0,0
12/24,72,0,0
12/25,64,0,0
12/26,59,0,0
12/27,62,0,0
12/28,48,0,0
12/29,48,0,0
12/30,48,0,0
12/31,50,0,0
